0 0.771411 0.118973 0.837264 0.119497 0.850583 0.175052 0.842444 0.244759 0.789909 0.254717 0.769932 0.22065 0.769192 0.160377
0 0.618248 0.0948637 0.704819 0.0969602 0.712958 0.15304 0.707038 0.21174 0.664863 0.224843 0.612329 0.228512 0.611589 0.172956
0 0.286765 0.133124 0.353357 0.120545 0.373335 0.152516 0.371115 0.216981 0.362976 0.257862 0.323021 0.25891 0.284545 0.227987
0 0.14396 0.159329 0.183176 0.129455 0.229051 0.131027 0.252728 0.141509 0.252728 0.188155 0.250509 0.263103 0.206853 0.294025 0.160239 0.287212 0.14988 0.207023
0 0.78473 0.353774 0.825425 0.32914 0.883139 0.332285 0.882399 0.406709 0.87648 0.461216 0.819506 0.481132 0.792869 0.447065
0 0.439928 0.332285 0.573853 0.343816 0.573113 0.444969 0.560535 0.495807 0.468045 0.499476 0.436228 0.441824
0 0.853542 0.604822 0.883139 0.610063 0.881659 0.666667 0.846143 0.731656 0.810627 0.77044 0.765492 0.769392 0.732196 0.755241 0.712218 0.662998 0.726276 0.618973 0.741815 0.604822
0 0.596791 0.662474 0.647845 0.651992 0.69298 0.66457 0.701119 0.726939 0.680401 0.793501 0.626387 0.820755 0.590131 0.804507 0.564974 0.743187
0 0.335599 0.349057 0.379994 0.340147 0.403672 0.354298 0.402932 0.403564 0.361496 0.428721 0.334119 0.401468
0 0.0736681 0.331761 0.14544 0.331237 0.201674 0.335954 0.206114 0.393082 0.174297 0.446017 0.113624 0.449686 0.0818073 0.444444 0.075148 0.421908
