0 0.766371 0.0503145 0.832075 0.0515723 0.832075 0.179874 0.794784 0.18239 0.791232 0.171069 0.766371 0.171069
0 0.6101 0.0779874 0.702442 0.0767296 0.69889 0.133333 0.679356 0.134591 0.67758 0.168553 0.6101 0.168553
0 0.523085 0.16478 0.602997 0.162264 0.608324 0.271698 0.549723 0.274214 0.546171 0.21761 0.523085 0.21761
0 0.379987 0.0754717 0.491121 0.0742138 0.487569 0.127044 0.469811 0.128302 0.46626 0.215094 0.403353 0.213836 0.404107 0.173585 0.379053 0.17279
0 0.128571 0.211188 0.165956 0.21185 0.161283 0.278716 0.129505 0.278054
0 0.718325 0.392585 0.864128 0.391923 0.868801 0.44952 0.827677 0.450182 0.826742 0.550811 0.751971 0.549487 0.751037 0.53095 0.718325 0.528302
0 0.260354 0.372724 0.317367 0.374048 0.314563 0.52102 0.264093 0.515723
0 0.0949238 0.440252 0.247269 0.4429 0.244465 0.493876 0.216426 0.497186 0.210818 0.539556 0.175302 0.538232 0.166891 0.561404 0.136982 0.559417 0.128571 0.571334 0.0902506 0.565376
0 0.817396 0.630255 0.902448 0.631579 0.900578 0.669977 0.879082 0.670639 0.877212 0.767958 0.84637 0.767958 0.841696 0.737504 0.817396 0.738166
0 0.515509 0.68388 0.557568 0.685204 0.555698 0.759351 0.518313 0.758689
0 0.460366 0.787157 0.594018 0.790467 0.593084 0.897716 0.503359 0.899702 0.50149 0.870573 0.4613 0.870573
0 0.247269 0.664681 0.37251 0.666005 0.37251 0.734194 0.353817 0.734194 0.351948 0.762661 0.328582 0.760675 0.325778 0.77524 0.286524 0.77193 0.275308 0.792453 0.258485 0.795763 0.247269 0.775902
0 0.6286 0.662032 0.704305 0.657398 0.780011 0.660046 0.792161 0.704403 0.766926 0.772592 0.703371 0.798411 0.637946 0.78517 0.609907 0.748097 0.609907 0.693148
