0 0.777928 0.0880503 0.877527 0.089691 0.875211 0.199617 0.835062 0.19907 0.797897 0.189877 0.781016 0.167897
0 0.492255 0.0820345 0.540897 0.0814876 0.542441 0.153678 0.494571 0.152584
0 0.252135 0.0798469 0.312358 0.0776593 0.311586 0.14985 0.253679 0.150396
0 0.120108 0.123599 0.239782 0.124145 0.235149 0.21329 0.233867 0.22941 0.211987 0.228056 0.144815 0.226962 0.122245 0.219826 0.117792 0.210008
0 0.442841 0.329232 0.510785 0.330325 0.509241 0.392672 0.501083 0.40611 0.479902 0.427673 0.441297 0.426579
0 0.128601 0.346732 0.195773 0.346732 0.195001 0.389937 0.193277 0.42348 0.163345 0.449002 0.129373 0.447361
0 0.805723 0.553459 0.856681 0.55674 0.855909 0.619634 0.846943 0.637916 0.82657 0.655182 0.786421 0.654635 0.765763 0.630728 0.759398 0.617446 0.753221 0.55674
0 0.382618 0.532677 0.514646 0.532677 0.514646 0.632759 0.408869 0.630572 0.389461 0.624139 0.382618 0.611977
0 0.124741 0.550178 0.164889 0.550725 0.161801 0.62729 0.130917 0.626196
0 0.783333 0.735029 0.843555 0.735029 0.840467 0.777687 0.830876 0.793651 0.814216 0.807219 0.783333 0.806672
0 0.445158 0.791906 0.531632 0.791359 0.529315 0.864096 0.523915 0.876909 0.506925 0.896363 0.472953 0.896363 0.443613 0.874487
0 0.643148 0.300689 0.75477 0.301288 0.753924 0.445642 0.650758 0.446241 0.638074 0.385145
