0 0.10427 0.0993049 0.178106 0.0662032 0.2454 0.0867262 0.270635 0.165508 0.234184 0.227739 0.171564 0.235022 0.113616 0.207216
0 0.293066 0.0867262 0.393072 0.0748097 0.443542 0.0913605 0.458496 0.168156 0.434196 0.228401 0.378118 0.256869 0.312693 0.24098 0.292132 0.207216 0.305216 0.17279 0.294001 0.12049
0 0.44915 0.0536246 0.465973 0.0258193 0.551025 0.0271433 0.599626 0.0523006 0.588411 0.128434 0.551025 0.154254 0.493078 0.152929 0.473451 0.12049 0.469712 0.0761337
0 0.160348 0.282688 0.270635 0.282026 0.267831 0.425687 0.160348 0.422377
0 0.840762 0.478649 0.928617 0.479311 0.929552 0.593181 0.885624 0.614366 0.84637 0.600463 0.822069 0.542867 0.828611 0.491228
0 0.746364 0.554783 0.796834 0.552135 0.823938 0.575968 0.826742 0.606422 0.819265 0.677259 0.770664 0.684542 0.723932 0.652102 0.720194 0.589871
0 0.493078 0.615028 0.561306 0.624959 0.56411 0.723601 0.50149 0.740814 0.447281 0.721615 0.451019 0.626945
0 0.320171 0.4952 0.378118 0.477325 0.414569 0.49189 0.408961 0.575306 0.381856 0.597153 0.338863 0.575306 0.314563 0.521682
0 0.221099 0.551473 0.273439 0.536246 0.32204 0.557431 0.330452 0.604436 0.316432 0.650116 0.281851 0.660708 0.243531 0.664019 0.21923 0.646806 0.208014 0.619
0 0.659443 0.832175 0.771599 0.820258 0.802442 0.85998 0.780945 0.918901 0.718325 0.940748 0.687482 0.920887 0.669724 0.871235
