0 0.0745468 0.0489168 0.240289 0.044724 0.237329 0.227813 0.181095 0.228512 0.185041 0.264151 0.125848 0.263452 0.128807 0.34102 0.0725737 0.337526
0 0.680294 0.0866527 0.735541 0.0964361 0.74442 0.120196 0.740474 0.18798 0.718769 0.189378 0.716796 0.200559 0.634912 0.204053 0.620113 0.198463 0.612221 0.183089 0.612221 0.106918 0.627019 0.0936408
0 0.79868 0.0880503 0.823344 0.0782669 0.850968 0.081761 0.862807 0.0873515 0.862807 0.137666 0.835183 0.139064 0.83617 0.195667 0.80756 0.196366 0.793748 0.177498
0 0.788815 0.499651 0.839129 0.500349 0.838143 0.6471 0.785855 0.647799
0 0.155445 0.503145 0.280737 0.501747 0.28567 0.584207 0.252127 0.585604 0.248181 0.628931 0.205759 0.631027 0.207732 0.6471 0.155445 0.6471
0 0.731595 0.731656 0.799667 0.735849 0.80164 0.84696 0.790788 0.853249 0.768097 0.843466 0.739487 0.852551 0.726662 0.851153 0.717783 0.838574 0.717783 0.744934
0 0.558947 0.70021 0.601369 0.701607 0.593476 0.781971 0.56092 0.781272
0 0.326119 0.754717 0.383339 0.754717 0.385313 0.825996 0.360649 0.825996 0.357689 0.837876 0.325133 0.837177
0 0.416882 0.721873 0.458318 0.721873 0.455358 0.779874 0.420829 0.778477
0 0.13966 0.736548 0.207732 0.734451 0.208719 0.798043 0.180109 0.798742 0.177149 0.830887 0.13966 0.828791
