0 0.822167 0.0674671 0.859298 0.0674671 0.856876 0.128073 0.822167 0.128073
0 0.61795 0.0960549 0.697054 0.0954831 0.693825 0.138365 0.672838 0.138937 0.670417 0.161235 0.616335 0.160091
0 0.583241 0.176101 0.639744 0.175529 0.637322 0.229846 0.613914 0.22813 0.613914 0.24414 0.583241 0.242996
0 0.447634 0.0663236 0.504137 0.0651801 0.505751 0.160663 0.474271 0.160091 0.457381 0.134591 0.447634 0.117782
0 0.358037 0.114351 0.436333 0.114923 0.435526 0.222985 0.408889 0.224128 0.408082 0.198399 0.386288 0.198971 0.383866 0.222985 0.356422 0.222985
0 0.781001 0.508862 0.861719 0.507147 0.863334 0.544883 0.856937 0.554717 0.840733 0.572899 0.8303 0.588679 0.816517 0.598628 0.783422 0.597484
0 0.793109 0.75586 0.872213 0.755289 0.877863 0.806175 0.858713 0.833962 0.831853 0.851344 0.79553 0.849057
0 0.744678 0.830189 0.781808 0.829617 0.78423 0.907947 0.750328 0.906804
0 0.461356 0.75586 0.545303 0.755289 0.542882 0.844483 0.530774 0.853631 0.491222 0.854202 0.464484 0.838994 0.458935 0.822184
0 0.3427 0.530017 0.418575 0.528302 0.416961 0.607204 0.346736 0.609491
0 0.247452 0.574042 0.303955 0.573471 0.298305 0.676958 0.261982 0.676387 0.242508 0.659119 0.241802 0.650086
0 0.11346 0.562035 0.198214 0.562607 0.198214 0.562607 0.194178 0.64494 0.159046 0.65283 0.146554 0.656375 0.115074 0.655232
0 0.141711 0.767867 0.179649 0.769011 0.17642 0.809034 0.141711 0.810177
