0 0.737514 0.0754717 0.824331 0.0768693 0.808546 0.157932 0.736527 0.157233 0.728635 0.116003
0 0.189974 0.157932 0.237329 0.149546 0.283697 0.160028 0.299482 0.238295 0.258047 0.315164 0.19688 0.308875 0.153471 0.231307 0.172216 0.179595
0 0.843076 0.399022 0.933839 0.397624 0.934826 0.501747 0.881551 0.514326 0.849982 0.484976 0.829264 0.438854
0 0.775003 0.443746 0.815452 0.450035 0.841102 0.501747 0.827291 0.565339 0.77303 0.581412 0.727648 0.55905 0.720742 0.505241 0.729621 0.465409
0 0.483968 0.394829 0.571772 0.394829 0.574732 0.508735 0.536256 0.519916 0.495807 0.499651 0.47213 0.47659 0.47213 0.44095
0 0.2541 0.39413 0.355716 0.396925 0.352756 0.453529 0.335985 0.46471 0.294549 0.484277 0.252127 0.473096 0.237329 0.4116
0 0.200826 0.417191 0.237329 0.430468 0.248181 0.496157 0.236342 0.549266 0.200826 0.566737 0.150512 0.552061 0.131767 0.503843 0.126834 0.445143 0.154458 0.419986
0 0.67832 0.656184 0.735541 0.648498 0.77007 0.673655 0.726662 0.723969 0.682267 0.697414
0 0.302442 0.634521 0.40899 0.636618 0.422802 0.686233 0.393205 0.745632 0.336971 0.763103 0.295536 0.744934 0.286657 0.681342 0.298495 0.644305
0 0.13374 0.640811 0.248181 0.642907 0.271858 0.669462 0.270872 0.738644 0.268899 0.785465 0.184055 0.787561 0.131767 0.774983 0.131767 0.666667
0 0.764151 0.821803 0.828277 0.852551 0.829264 0.918938 0.780922 0.947589 0.724689 0.920335 0.702984 0.868623 0.727648 0.830887
0 0.518498 0.84696 0.555987 0.853948 0.578678 0.87072 0.579665 0.91754 0.539216 0.954577 0.47213 0.939902 0.455358 0.879804 0.481995 0.856045
0 0.263966 0.823899 0.334012 0.851852 0.343877 0.892383 0.324146 0.92942 0.308361 0.942697 0.272845 0.959469 0.215625 0.93501 0.19392 0.886792 0.209705 0.844165
