0 0.800433 0.0736748 0.837641 0.0545073 0.877385 0.0688829 0.882459 0.124588 0.85709 0.154537 0.813118 0.149146 0.794514 0.107817
0 0.713334 0.237197 0.767454 0.221623 0.814809 0.240192 0.827493 0.282719 0.807198 0.32944 0.767454 0.345013 0.718408 0.322851 0.699804 0.287511 0.706569 0.255765
0 0.606786 0.296496 0.650758 0.283318 0.682046 0.311471 0.676973 0.353998 0.645685 0.368374 0.607632 0.355795 0.596639 0.326445
0 0.465567 0.0802636 0.517996 0.0688829 0.55774 0.0772686 0.563659 0.126984 0.555203 0.18209 0.511231 0.193471 0.479943 0.1767 0.457957 0.126385 0.454574 0.104223
0 0.422441 0.146751 0.457111 0.152141 0.474869 0.188679 0.480789 0.228212 0.439353 0.271339 0.403837 0.270141 0.377623 0.24678 0.370858 0.18808 0.386925 0.156334
0 0.163681 0.105421 0.205116 0.0910452 0.254162 0.0928422 0.279531 0.117999 0.249934 0.184486 0.205962 0.196466 0.165372 0.192273 0.150996 0.153339
0 0.124782 0.210243 0.200888 0.204852 0.219492 0.228811 0.205116 0.30009 0.157761 0.302486 0.140849 0.288709 0.122245 0.284516 0.106178 0.231207
0 0.0901115 0.328841 0.1214 0.310872 0.165372 0.334831 0.139158 0.38814 0.10195 0.379754 0.0901115 0.3528
0 0.238095 0.405511 0.351408 0.405511 0.386079 0.44145 0.348872 0.539084 0.276994 0.543276 0.221183 0.508535 0.216109 0.445043
0 0.175519 0.545073 0.254162 0.547469 0.277839 0.598383 0.257545 0.644504 0.206807 0.648098 0.156916 0.633124 0.165372 0.576819
0 0.759844 0.51153 0.862164 0.513926 0.862164 0.62953 0.763226 0.627733
0 0.668516 0.704403 0.776756 0.719377 0.828339 0.719377 0.819037 0.845762 0.767454 0.881102 0.678664 0.878107 0.682892 0.808026
