0 0.801507 0.0642171 0.868801 0.060245 0.868801 0.111221 0.837023 0.126448 0.800572 0.107911 0.794965 0.0867262
0 0.548221 0.107911 0.598692 0.0926845 0.650096 0.107911 0.6529 0.164846 0.617384 0.21185 0.581868 0.221119 0.546352 0.200596 0.536071 0.15624
0 0.418307 0.0741476 0.469712 0.0734856 0.468777 0.154916 0.459431 0.172128 0.421111 0.162198 0.405222 0.12049
0 0.223903 0.131744 0.344471 0.137041 0.354752 0.182059 0.345406 0.24098 0.29587 0.287322 0.236988 0.27673 0.200537 0.226415 0.195864 0.157564
0 0.719259 0.32572 0.775337 0.318438 0.830481 0.327044 0.860389 0.383979 0.83235 0.448196 0.783749 0.479311 0.730475 0.464747 0.695893 0.412446 0.700567 0.354187
0 0.228576 0.347567 0.324844 0.347567 0.353817 0.398544 0.306151 0.469381 0.244465 0.469381 0.198668 0.41708 0.205211 0.369414
0 0.76786 0.526978 0.856651 0.518371 0.881886 0.561404 0.849173 0.62231 0.798703 0.635551 0.752906 0.620324 0.746364 0.573982 0.751971 0.548825
0 0.500555 0.539556 0.528594 0.517709 0.574391 0.526978 0.592149 0.562066 0.558502 0.607084 0.522052 0.614366 0.494013 0.583251
0 0.431392 0.540881 0.476254 0.567362 0.488405 0.619662 0.460366 0.66137 0.419242 0.668653 0.373445 0.642833 0.358491 0.588547 0.391203 0.558093
0 0.213622 0.552135 0.259419 0.589209 0.264093 0.66137 0.241661 0.721615 0.199603 0.740152 0.160348 0.714995 0.138852 0.625621 0.163152 0.572658
0 0.843566 0.788481 0.894971 0.809666 0.888428 0.88911 0.842631 0.912281 0.799638 0.898378 0.776272 0.834161 0.807115 0.800397
0 0.538875 0.766634 0.596822 0.78186 0.604299 0.82423 0.579064 0.877855 0.516444 0.886461 0.479993 0.861966 0.468777 0.821582 0.486535 0.771268
0 0.422046 0.828203 0.458496 0.836147 0.474385 0.879179 0.467843 0.929494 0.432327 0.94803 0.387464 0.940748 0.364098 0.893744 0.376249 0.842105
