0 0.806715 0.0660377 0.807214 0.161006 0.824331 0.169811 0.839179 0.18239 0.875632 0.195667 0.901332 0.211321 0.929245 0.207547 0.936349 0.195597 0.9399 0.0666667
0 0.766759 0.119497 0.767647 0.178616 0.760205 0.19427 0.738346 0.230818 0.701942 0.22956 0.70283 0.119497
0 0.293507 0.0779874 0.295283 0.140252 0.281724 0.155835 0.265094 0.17673 0.245221 0.185884 0.223363 0.213208 0.200277 0.206918 0.197614 0.0792453
0 0.753441 0.327044 0.848446 0.326415 0.848446 0.368553 0.831237 0.377358 0.815594 0.435849 0.781853 0.436478 0.768097 0.37666 0.754329 0.368553
0 0.483518 0.326415 0.485294 0.403145 0.457769 0.403145 0.457769 0.437107 0.416926 0.436478 0.418701 0.327044
0 0.203829 0.367296 0.202053 0.450314 0.168313 0.450314 0.159391 0.426275 0.142564 0.419497 0.142564 0.368553
0 0.747225 0.541509 0.767111 0.531796 0.80164 0.529001 0.841102 0.538085 0.836903 0.694969 0.803613 0.703704 0.775638 0.696855 0.763164 0.685535 0.744562 0.68239
0 0.353885 0.513836 0.351221 0.664151 0.323696 0.663522 0.322173 0.645702 0.313294 0.6471 0.302386 0.649057 0.269534 0.649057 0.25706 0.562544 0.248224 0.550943 0.247336 0.515723
0 0.169256 0.638015 0.218584 0.637317 0.214638 0.689029 0.171229 0.689727
0 0.131909 0.721384 0.192286 0.722013 0.192286 0.791824 0.183068 0.804333 0.164761 0.822013 0.132797 0.820126
