1 0.835983 0.090090 0.103869 0.096096
1 0.594330 0.158408 0.146264 0.157658
1 0.443826 0.121622 0.103869 0.129129
1 0.274245 0.204204 0.188659 0.192192
1 0.773450 0.400150 0.195019 0.175676
1 0.271065 0.404655 0.211977 0.169670
0 0.438527 0.370120 0.097509 0.100601
1 0.811606 0.572823 0.156863 0.145646
1 0.542395 0.562312 0.118707 0.127628
1 0.417329 0.605856 0.152623 0.151652
1 0.838103 0.848348 0.163222 0.147147
1 0.540276 0.827327 0.152623 0.144144
1 0.415209 0.885886 0.131426 0.147147
1 0.203233 0.648649 0.148384 0.210210